f = g + h
    g: 起始点到当前点的移动量
    h: 当前点到目标点的移动量

放进格位
1x1:
    +     x
2x2:
    +o    x,x+1
    oo
3x3:
    +oo
    ooo
    ooo

         0 1 2 3 4 5 6 7 8 ...
        ____________________________ i
    0  | 0 0 0 0 0 0 0 0 0 0 0 0 0 0    []
    1  | 0 0 0 0 0 0 0 0 0 0 0 0 0 0
    2  | 0 0 0 0 0 0 0 0 0 0 0 0 0 0
    3  | 0 0 0 0 0 0 0 0 0 0 0 0 0 0
    4  | 0 0 0 0 0 0 0 0 0 0 0 0 0 0
    5  | 0 0 0 0 0 0 0 0 0 0 0 0 0 0
    6  | 0 0 0 0 0 0 0 0 0 0 0 0 0 0
    7  | 0 0 0 0 0 0 0 0 0 0 0 0 0 0
       j

(x,y) = (i,j)
